1070900
23400
87800
357900
31300
2725600
5000900
692300
1653800
27400
905290
2290400
1014800
101000
3992400
1027700
894500
36400
88200
1153400
3406300
938800
2906200
1952700
612510
1540700
1558400
54800
75300
509400
183500
1581800
358500
705600
81724
5489300
73300
1864100
371500
2682500
1930000
110000
2147200
808500
27000
1314400
3755800
7668900
1024900
1432400
1925300
211500
859540
859540
22900
592900
2206500
1426200
182200
11475000
2000612
3418900
11822000
132671
900
1319700
1212899
2900
87700
766000
98900
8852300
5736900
80100
4665700
1574200
1431000
3202200
1640200
242400
42500
2779100
3121700
4018600
46700
845700
2500
82100
33500
1861500
19100
271882
12240000
9933806
439938
1164728
228936
5366800
1801636
43336
1334000
879463
1144015
2668700
8868300
944820
3424134
914969
1201823
696481
817330
10809
15231
36203
21604
1443400
1446499
2075996
565611
2000612
1982042
1198118
80575
2609000
3107300
1327918
3417844
3055466
1931700
2304600
2081278
58959
5918672
599635
710006
1587400
505078
2020939
2914260
1616492
46378
18847000
117917
1780017
4428900
151229
2134600
71152
1044652
89998
1857000
24429
2817400
41154
3193900
12005000
8259
29665
475701
1505449